N-gram notes

Author recognition

20 Authors, 212 train, 40 test
N=3
profile_length (L) = 2000

results(accuracy)
			0.1

targets:		[6085,  6085,  169,  169,  194,  194,  6159,  6159,  203,  203,  6082,  6082,  244,  244,  258,  258,  3013,  3013,  249,  249,  75,  75,  311,  311,  3,  3,  202,  202,  137,  137,  3006,  3006,  6131,  6131,  29,  29,  6008,  6008,  252,  252] 
predictions:	[252,  6085,  6008,  6131,  6159,  258,  6082,  6082,  29,  6131,  29,  252,  6131,  249,  6159,  137,  75,  6082,  3,  6131,  202,  75,  169,  75,  137,  29,  6082,  75,  75,  169,  6008,  6131,  169,  3013,  29,  29,  252,  3006,  194,  137]

